# oST version 5.0 parameters


[image]

width
1024

height
768

[narrow_stereo/left]

camera matrix
1264.912254 0.000000 456.665000
0.000000 1259.254140 364.153464
0.000000 0.000000 1.000000

distortion
-0.456806 0.265154 0.002786 0.002809 0.000000

rectification
0.999118 -0.000667 -0.041994
0.000691 1.000000 0.000550
0.041994 -0.000578 0.999118

projection
1231.451322 0.000000 517.467434 0.000000
0.000000 1231.451322 361.824329 0.000000
0.000000 0.000000 1.000000 0.000000

# oST version 5.0 parameters


[image]

width
1024

height
768

[narrow_stereo/right]

camera matrix
1277.056540 0.000000 480.202240
0.000000 1273.192713 358.931362
0.000000 0.000000 1.000000

distortion
-0.446233 0.262897 0.002701 0.002509 0.000000

rectification
0.999306 -0.006241 -0.036719
0.006220 0.999980 -0.000678
0.036722 0.000449 0.999325

projection
1231.451322 0.000000 517.467434 -146.854130
0.000000 1231.451322 361.824329 0.000000
0.000000 0.000000 1.000000 0.000000

