image_width: 1024
image_height: 768
camera_name: narrow_stereo/left
camera_matrix:
  rows: 3
  cols: 3
  data: [1264.912254, 0.000000, 456.665000, 0.000000, 1259.254140, 364.153464, 0.000000, 0.000000, 1.000000]
distortion_model: plumb_bob
distortion_coefficients:
  rows: 1
  cols: 5
  data: [-0.456806, 0.265154, 0.002786, 0.002809, 0.000000]
rectification_matrix:
  rows: 3
  cols: 3
  data: [0.999118, -0.000667, -0.041994, 0.000691, 1.000000, 0.000550, 0.041994, -0.000578, 0.999118]
projection_matrix:
  rows: 3
  cols: 4
  data: [1231.451322, 0.000000, 517.467434, 0.000000, 0.000000, 1231.451322, 361.824329, 0.000000, 0.000000, 0.000000, 1.000000, 0.000000]
