%YAML:1.0
---
image_width: 800
image_height: 600
camera_name: asus
camera_frame: asus_rgb_optical_frame
camera_matrix:  !!opencv-matrix
  rows: 3
  cols: 3
  dt: d
  data: [655.3028163872472, 0.0, 400.5, 0.0, 655.3028163872472, 300.5, 0.0, 0.0, 1.0]
distortion_model: plumb_bob
distortion_coefficients:  !!opencv-matrix
  rows: 1
  cols: 5
  dt: d
  data: [0.0, 0.0, 0.0, 0.0, 0.0]
rectification_matrix:  !!opencv-matrix
  rows: 3
  cols: 3
  dt: d
  data: [1.0, 0.0, 0.0, 0.0, 1.0, 0.0, 0.0, 0.0, 1.0]
projection_matrix:  !!opencv-matrix
  rows: 3
  cols: 4
  dt: d
  data: [655.3028163872472, 0.0, 400.5, -0.0, 0.0, 655.3028163872472, 300.5, 0.0, 0.0, 0.0, 1.0, 0.0]