%YAML:1.0
---
image_width: 1024
image_height: 768
camera_name: bumblebee2
camera_frame: bumblebee2_link_optical
camera_matrix:  !!opencv-matrix
  rows: 3
  cols: 3
  dt: d
  data: [1277.056540, 0.000000, 480.202240, 0.000000, 1273.192713, 358.931362, 0.000000, 0.000000, 1.000000]
distortion_model: plumb_bob
distortion_coefficients:  !!opencv-matrix
  rows: 1
  cols: 5
  dt: d
  data: [-0.446233, 0.262897, 0.002701, 0.002509, 0.000000]
rectification_matrix:  !!opencv-matrix
  rows: 3
  cols: 3
  dt: d
  data: [0.999306, -0.006241, -0.036719, 0.006220, 0.999980, -0.000678, 0.036722, 0.000449, 0.999325]
projection_matrix:  !!opencv-matrix
  rows: 3
  cols: 4
  dt: d
  data: [1231.451322, 0.000000, 517.467434, -146.854130, 0.000000, 1231.451322, 361.824329, 0.000000, 0.000000, 0.000000, 1.000000, 0.000000]